"dx=0.05 over [-20,20]"
"max N: 5000, trials: 50"
intercepts
-0.0053974208435502713,-0.0079645955785859496,-0.0075048888827689095,-0.0063743492843941442,-0.0052502780215905034,-0.0047138528093699219,-0.0039157847559692779,-0.002977316357618073,-0.0021839689923259537,-0.0014723730089567393,-0.00098302358907231152
-0.0079645955785859496,0.00017392762766610463,-0.0045862118401605754,-0.0041242918554443243,-0.0037085351890629582,-0.0035160816303511501,-0.0029432391783426738,-0.0025754512330073897,-0.0020982290816486545,-0.0024420884375106196,-0.0024248721253616714
-0.0075048888827689095,-0.0045862118401605754,-0.0028313285906717165,-0.0056333914135204277,-0.0044299252337701546,-0.0032024577348091833,-0.0022449630425325478,-0.0014293599903088985,-0.00037429569775250223,0.00014786945132701804,0.00076412109484987653
-0.0063743492843941442,-0.0041242918554443243,-0.0056333914135204277,0.0012863444748983665,-0.0011521042896684521,-0.00010632196612845451,0.00056721312902386972,0.0016296749802741171,0.0024013900098331683,0.0028628331009701554,0.0037601920307792081
-0.0052502780215905034,-0.0037085351890629582,-0.0044299252337701546,-0.0011521042896684521,0.0041258298279631843,0.00049119473009532385,0.001160758449524179,0.0018030224336337943,0.0027540802005907744,0.0034192105620055248,0.0043705206163192137
-0.0047138528093699219,-0.0035160816303511501,-0.0032024577348091833,-0.00010632196612845451,0.00049119473009532385,0.0051653491209521481,0.0026324078659220439,0.0036132934319144405,0.0045421684883359993,0.0054124818441243106,0.0062062009660513225
-0.0039157847559692779,-0.0029432391783426738,-0.0022449630425325478,0.00056721312902386972,0.001160758449524179,0.0026324078659220439,0.0069014434150968286,0.0039290767273696368,0.0047897221648481383,0.0056040448716957788,0.0061036159291220724
-0.002977316357618073,-0.0025754512330073897,-0.0014293599903088985,0.0016296749802741171,0.0018030224336337943,0.0036132934319144405,0.0039290767273696368,0.0067629413224946245,0.003074919034053737,0.0034759850816488201,0.0042619292387523844
-0.0021839689923259537,-0.0020982290816486545,-0.00037429569775250223,0.0024013900098331683,0.0027540802005907744,0.0045421684883359993,0.0047897221648481383,0.003074919034053737,0.0048617311827089081,0.00071893782901103463,0.0011909498709085254
-0.0014723730089567393,-0.0024420884375106196,0.00014786945132701804,0.0028628331009701554,0.0034192105620055248,0.0054124818441243106,0.0056040448716957788,0.0034759850816488201,0.00071893782901103463,0.001974497894460928,-0.0020605936936896551
-0.00098302358907231152,-0.0024248721253616714,0.00076412109484987653,0.0037601920307792081,0.0043705206163192137,0.0062062009660513225,0.0061036159291220724,0.0042619292387523844,0.0011909498709085254,-0.0020605936936896551,-0.0016132538705444018
intercept errors
0.00055157720396252052,0.00039277802150583041,0.00043140803773711068,0.00035996841926064406,0.00031772982045189533,0.00025747787886900198,0.00019950542080469282,0.00022664439167121756,0.00025942562989420784,0.00024960343621812839,0.0002744748907974977
0.00039277802150583041,0.00033868604362609063,0.00029162478090292851,0.00026666777080383905,0.00029109982027999319,0.00031687556657942697,0.00026659217928390419,0.00027521533968306904,0.00023694746982689974,0.00028038871149544753,0.00029327001283409088
0.00043140803773711068,0.00029162478090292851,0.00029808805236005288,0.00020362697880476699,0.0002029238640052374,0.00017844975067385916,0.00017049844180981415,0.00016026509838987129,0.00013370959940568731,0.00021408846903924093,0.00024886865958749949
0.00035996841926064406,0.00026666777080383905,0.00020362697880476699,0.0002588581034694376,0.00024541345501948866,0.00027547047533923975,0.00030704370204288022,0.00030424115480921966,0.00028012340931751642,0.00027031101234386938,0.00024335372931783404
0.00031772982045189533,0.00029109982027999319,0.0002029238640052374,0.00024541345501948866,0.00029204729785101005,0.00027207912656435833,0.00027118978109162971,0.00021810839066941696,0.00018199317366320928,0.00022217508073158181,0.0001870691542951854
0.00025747787886900198,0.00031687556657942697,0.00017844975067385916,0.00027547047533923975,0.00027207912656435833,0.00017672888705994543,0.00025502793513660542,0.00023869396464211114,0.00031285364336912277,0.00035511668253156425,0.00038871032158101058
0.00019950542080469282,0.00026659217928390419,0.00017049844180981415,0.00030704370204288022,0.00027118978109162971,0.00025502793513660542,0.00036956994042112496,0.00025785294398434407,0.00025586502852639108,0.00025709905559469833,0.00026425289622752999
0.00022664439167121756,0.00027521533968306904,0.00016026509838987129,0.00030424115480921966,0.00021810839066941696,0.00023869396464211114,0.00025785294398434407,0.00027257026025759881,0.00034856966893958977,0.00035851967923758633,0.0004165708424071209
0.00025942562989420784,0.00023694746982689974,0.00013370959940568731,0.00028012340931751642,0.00018199317366320928,0.00031285364336912277,0.00025586502852639108,0.00034856966893958977,0.00041454748577195193,0.00045111821661984443,0.00047521882032435815
0.00024960343621812839,0.00028038871149544753,0.00021408846903924093,0.00027031101234386938,0.00022217508073158181,0.00035511668253156425,0.00025709905559469833,0.00035851967923758633,0.00045111821661984443,0.00047839173600444575,0.00059848395119110962
0.0002744748907974977,0.00029327001283409088,0.00024886865958749949,0.00024335372931783404,0.0001870691542951854,0.00038871032158101058,0.00026425289622752999,0.0004165708424071209,0.00047521882032435815,0.00059848395119110962,0.0006556523034493473
slopes
-0.50040399836458316,-0.50009835283806037,-0.50015222823596472,-0.50029124614593101,-0.50042990452464586,-0.50049384912719619,-0.50059093199440508,-0.50070623238671419,-0.50080301901889601,-0.50089000053174559,-0.50094867584043212
-0.50009835283806037,-0.50109074627333483,-0.50050669179931528,-0.50056117064044692,-0.50060921972279371,-0.50062929998364913,-0.50069802366125216,-0.50074104260761676,-0.50079753105978253,-0.50075040460408826,-0.50074796046297021
-0.50015222823596472,-0.50050669179931528,-0.50069234821218256,-0.50035397652160396,-0.50050203813039285,-0.50065304543161626,-0.50077020394903038,-0.50086907380470658,-0.50099792509326813,-0.50106027106181716,-0.50113383026747071
-0.50029124614593101,-0.50056117064044692,-0.50035397652160396,-0.50119519286162995,-0.50090733870296344,-0.50103571595912033,-0.50111725738284774,-0.50124786453130632,-0.50134145037574607,-0.50139647168751345,-0.50150578187592987
-0.50042990452464586,-0.50060921972279371,-0.50050203813039285,-0.50090733870296344,-0.50154731629864702,-0.50110652404950928,-0.50118827618209005,-0.50126532035473637,-0.50138184087647153,-0.50146245230451436,-0.50157901272446215
-0.50049384912719619,-0.50062929998364913,-0.50065304543161626,-0.50103571595912033,-0.50110652404950928,-0.50167660666046898,-0.50137611642778601,-0.50149634230730056,-0.501610093438975,-0.50171668062021846,-0.50181320184711853
-0.50059093199440508,-0.50069802366125216,-0.50077020394903038,-0.50111725738284774,-0.50118827618209005,-0.50137611642778601,-0.50189817216649868,-0.50154291343759638,-0.50164883291989237,-0.50174883583481023,-0.50180796053867693
-0.50070623238671419,-0.50074104260761676,-0.50086907380470658,-0.50124786453130632,-0.50126532035473637,-0.50149634230730056,-0.50154291343759638,-0.501887761041517,-0.50144079907626959,-0.50148742206371966,-0.5015830938326844
-0.50080301901889601,-0.50079753105978253,-0.50099792509326813,-0.50134145037574607,-0.50138184087647153,-0.501610093438975,-0.50164883291989237,-0.50144079907626959,-0.50165472413994994,-0.50115148751146266,-0.50120732383158917
-0.50089000053174559,-0.50075040460408826,-0.50106027106181716,-0.50139647168751345,-0.50146245230451436,-0.50171668062021846,-0.50174883583481023,-0.50148742206371966,-0.50115148751146266,-0.50130285555028742,-0.50081159574560385
-0.50094867584043212,-0.50074796046297021,-0.50113383026747071,-0.50150578187592987,-0.50157901272446215,-0.50181320184711853,-0.50180796053867693,-0.5015830938326844,-0.50120732383158917,-0.50081159574560385,-0.50086365104729869
slope errors
0.00065080715857332753,0.00065995591661841338,0.00065993837704096225,0.00066394594789408081,0.0006635713549548246,0.00066549453740795785,0.00066693448893259059,0.00066399925004737264,0.00065880416689291467,0.00066056176411793423,0.00065942067488886688
0.00065995591661841338,0.00065376932135215171,0.00066067860763598411,0.00066578849074605225,0.00066686811103269491,0.00067023216501694649,0.00067567826092588157,0.00067970586739838777,0.00068036693366416785,0.00067457078620179246,0.00067426971618614643
0.00065993837704096225,0.00066067860763598411,0.00067384354990093081,0.00068486880540712624,0.00068764627299417683,0.00069257385688302562,0.00070640310242836817,0.00070293405442045458,0.00070349758414776399,0.00071386704059472992,0.00071842244747370319
0.00066394594789408081,0.00066578849074605225,0.00068486880540712624,0.00071467868398691578,0.00070217437155937589,0.00070322186543964526,0.00070398851265796698,0.00070045748195780779,0.00069555888170242828,0.00069677676254731183,0.00069383973535494493
0.0006635713549548246,0.00066686811103269491,0.00068764627299417683,0.00070217437155937589,0.00068634334115887986,0.00069740738069351484,0.0007029702359558623,0.00070293264200759224,0.00070238289516468975,0.00071074268049241588,0.00070786630849277671
0.00066549453740795785,0.00067023216501694649,0.00069257385688302562,0.00070322186543964526,0.00069740738069351484,0.00070358209032703319,0.00071942402726903054,0.00071937550978549503,0.00072866032677152619,0.00073358546629372968,0.00073782845676211841
0.00066693448893259059,0.00067567826092588157,0.00070640310242836817,0.00070398851265796698,0.0007029702359558623,0.00071942402726903054,0.00073602701986305856,0.00072049207038274823,0.00071887597880091944,0.00071692391438430304,0.00071070469914284176
0.00066399925004737264,0.00067970586739838777,0.00070293405442045458,0.00070045748195780779,0.00070293264200759224,0.00071937550978549503,0.00072049207038274823,0.00071031792123421979,0.00071016863554157635,0.00070132097424952639,0.00069935335325023223
0.00065880416689291467,0.00068036693366416785,0.00070349758414776399,0.00069555888170242828,0.00070238289516468975,0.00072866032677152619,0.00071887597880091944,0.00071016863554157635,0.00070128557492509717,0.00069150426259987708,0.00069555780157653125
0.00066056176411793423,0.00067457078620179246,0.00071386704059472992,0.00069677676254731183,0.00071074268049241588,0.00073358546629372968,0.00071692391438430304,0.00070132097424952639,0.00069150426259987708,0.00068431963779271748,0.00069311236252092817
0.00065942067488886688,0.00067426971618614643,0.00071842244747370319,0.00069383973535494493,0.00070786630849277671,0.00073782845676211841,0.00071070469914284176,0.00069935335325023223,0.00069555780157653125,0.00069311236252092817,0.00068451209504679701
