"dx=0.05 over [-20,20]"
"max N: 5000, trials: 50"
intercepts
0.030154373263656574,0.030727400410129797,0.031437976651810681,0.03223353304810643,0.032414999328968561,0.032360929484813464,0.032578815281353798,0.033092723095926209,0.033443701684203582,0.033633146784298629,0.033439542807121254,0.033606046690287654,0.033931095853211371,0.033685149399240569,0.033700076437957673,0.03348067468355425,0.033183453609361029,0.033017566783986124,0.032812213033515267,0.032370261780127182,0.032258757540920821,0.031922354309634422,0.031725700765976861,0.031471354263706737,0.031134160465567447,0.030839865335459835,0.030371951180599776,0.030330231447966937,0.029528391839926119,0.028941298277280852,0.028703131095819508,0.028129136898124837,0.028158477855734786,0.027839211660017175,0.027491743625719368,0.026871764518270717,0.025870739659405794,0.024937219804700973,0.024153873763378079,0.023786082341170852,0.023430485695724462,0.02243058622811802,0.021222056006080747,0.020630559961864511,0.0198598660102112,0.019188345528722058,0.018247322512187587,0.017425318065590546,0.016598326913136043,0.015846886114826091,0.015033336564886519
0.030727400410129797,0.020188052161020032,0.020972184185306605,0.020954081972977802,0.021240666727704648,0.021558163557805377,0.021628687291557317,0.021517098691902114,0.021200870956208182,0.021178936351011833,0.021127537888563478,0.02104345899742217,0.020528164573465721,0.02043848081286891,0.020625235957345459,0.021009085441450442,0.021016329877003012,0.020617784862856287,0.020726792822800984,0.020573361524317907,0.020220391246086166,0.019661905772381215,0.018899656204782133,0.018530629203439335,0.018381570436473805,0.018113232792871407,0.017644117349494049,0.017272077063716095,0.016776418630543563,0.01663868343986381,0.016453492398641439,0.015924470783819963,0.01562963056020512,0.015401180386606615,0.014698563399071149,0.01425871814366692,0.013141192302531609,0.012687865738558866,0.012057311415789879,0.011302516573913377,0.011104913555017686,0.010532627570366876,0.0098602620722349141,0.0089675313436330534,0.008393472352504202,0.0079364381359834316,0.0071619702271649684,0.006265758398866019,0.0053504260888950972,0.0050755208625858118,0.0043276454024042451
0.031437976651810681,0.020972184185306605,0.012161410546768973,0.012995128972377789,0.013718331718250985,0.014752741598984606,0.015360069047310054,0.016477854241064457,0.017070004057056439,0.01799303751337521,0.018630882448685566,0.019477371615602826,0.019550287784619889,0.019755590676638693,0.020235447348318159,0.020581268385089141,0.020594440337420073,0.020790707051184285,0.021253236008813663,0.021256952565049145,0.021299680848209129,0.021332973943968117,0.021126040450501052,0.021257949798977216,0.021169818924255485,0.021424458659671318,0.021234814382025399,0.021025012386146104,0.020485883728595226,0.020761700663501043,0.020612904774947219,0.020282793663821398,0.020050803854771881,0.019900374142483641,0.019322478765984329,0.018809144720398942,0.018079608259953413,0.017749191287214951,0.016898101691415982,0.01642184395686817,0.016533941944408249,0.015681236489769112,0.014826861096775962,0.014348226646331381,0.013919071381253433,0.013353634885856764,0.013042381732149999,0.012609863962675888,0.011736704515778469,0.011409183414041107,0.011048495219336181
0.03223353304810643,0.020954081972977802,0.012995128972377789,0.01801870042343769,0.018509639423031014,0.018705326303482664,0.019166317323114475,0.019355209927072892,0.020221288106245419,0.020877099714492319,0.020686788236477818,0.021093521818051263,0.021639615875448458,0.021323004384901482,0.021740023043089737,0.021833969058102705,0.021597528603468526,0.021498797916414358,0.021530104768297198,0.021232519028682537,0.020996009413905642,0.020922682601573993,0.020511570259664005,0.020432445964623468,0.01998149918205255,0.020207481694465502,0.019922951848633939,0.019824484084873247,0.019220233789316962,0.019275970227669147,0.019054387226422109,0.018312121131803541,0.018082148331611283,0.01797272658484261,0.01746131187443262,0.016713769688988592,0.015860597726469406,0.015183108038783824,0.014710280381243517,0.014211456628002987,0.013547758691001097,0.013064842237067685,0.012172802418236655,0.011660079188852646,0.011256160834921486,0.01065520124088864,0.0099947475976609711,0.0091157824857647559,0.0082906404729046514,0.0081966578508797221,0.0076678225626531085
0.032414999328968561,0.021240666727704648,0.013718331718250985,0.018509639423031014,0.013849930162448629,0.014236122238331466,0.015141854163456463,0.015341125528083002,0.015646044697192187,0.016503438128171052,0.016776760866393479,0.017032609527376966,0.017322697294469246,0.017589113720126729,0.018286484113003022,0.017959510304612847,0.017823606426699858,0.017877464058499357,0.018112658613838831,0.018423535345419871,0.018511059523480849,0.018017187516292315,0.017412425629245391,0.017050040451232776,0.016757270777676362,0.016388564796354053,0.016261685578572115,0.015751798355689708,0.015235773206430232,0.014880908691797026,0.014782844787906826,0.014464176252387299,0.014099699840361368,0.013994411692396512,0.013402404449037644,0.012748572475350049,0.011930186670863202,0.011237216852541204,0.010532916143419481,0.0099953295746552165,0.0094633380184222914,0.0088261783054028806,0.0078375163109916032,0.0070921631567692871,0.0062968168772971319,0.0056665180324464966,0.0050127624823667226,0.0040254012637038093,0.0034261909412990886,0.0027693758697911828,0.0020190004540177491
0.032360929484813464,0.021558163557805377,0.014752741598984606,0.018705326303482664,0.014236122238331466,0.0083292807519479879,0.0090268248987951383,0.0095457480768406829,0.0098265262182299345,0.010560404306060927,0.010795000684056406,0.01131446155693921,0.011296493567280281,0.011531337123894784,0.011962316257103724,0.012367589460314014,0.012147187626802397,0.012002561789267676,0.012209429922675836,0.012068364299052248,0.011816157528278762,0.011364783844727618,0.011507123772983236,0.011425319341535489,0.011046193083336259,0.011244296769586843,0.011007531612507256,0.010987461814635266,0.01073571732182599,0.01049366910786151,0.010275739792054081,0.0096762597803737877,0.0097877620640607118,0.0095906962607298831,0.0093589382963839667,0.0085843286022645009,0.007684677883040409,0.0069690353150170057,0.0061396296163160067,0.0056728012109572099,0.005171046574050933,0.0047767585346818065,0.00404470581473908,0.0030817725407721284,0.002517029971424506,0.0020450570347138185,0.0013730933665664772,0.00041807335108495379,-0.00049972536691385739,-0.0010945794625496202,-0.0018257052164313463
0.032578815281353798,0.021628687291557317,0.015360069047310054,0.019166317323114475,0.015141854163456463,0.0090268248987951383,0.0040604239085761228,0.0044239904376584061,0.0047240681231275564,0.0054739643838791789,0.0060524836533847751,0.0069010751226387858,0.0073118500428396493,0.0072832883329924276,0.0073663525583942948,0.0078807336349704278,0.0080860361138634443,0.0081363566089218669,0.0081489106566931552,0.0081297376439343847,0.0079933707875540234,0.0075117341448654729,0.006867018794541482,0.0070314762469884219,0.0067274254128902797,0.0067052858164966585,0.0069876420566556408,0.0067431278310537534,0.0061555485491065131,0.0059978817896805415,0.005950217242359346,0.0057217225151060293,0.005402609440238417,0.005332765432504675,0.0051649594615383173,0.0043465150421256758,0.0037415814370966548,0.0036895855489768379,0.0034772825358945379,0.0030987675806271385,0.0028197559445757745,0.0021690019781151972,0.001291171585724214,0.00064991148189394833,3.4762720854374927e-05,-0.00040081475198882553,-0.0010873166606328926,-0.0016018730325102122,-0.0022912263169728503,-0.0028149296715279455,-0.0033429925914136242
0.033092723095926209,0.021517098691902114,0.016477854241064457,0.019355209927072892,0.015341125528083002,0.0095457480768406829,0.0044239904376584061,0.0026877526858767021,0.0029285385788604544,0.0036094701145558006,0.0042298341062719982,0.0049615763782246544,0.0053383735355654917,0.0052143549181609371,0.0055522549147319798,0.0062320186404246167,0.0064062339867058558,0.0067858305983843504,0.0069822252722832158,0.0072372244553867869,0.0076595159605939078,0.007891064419832278,0.0081084119885759583,0.0083961501494084819,0.0085092286220437123,0.0090799422655806362,0.0090178731017490545,0.0087229146866019212,0.0082843628542812933,0.0084927422951873305,0.0084107382093444802,0.0080255271846485753,0.0077241283331529395,0.0075657892262169062,0.0074566049495588763,0.0068368611429845518,0.0059971440193206946,0.0058894958383183147,0.0055214673692755168,0.0052667331396337169,0.0049938959694402251,0.0042157645518896177,0.0036006049046737498,0.003314474727320469,0.0026731495293311359,0.0023682969312384776,0.0018968011120232356,0.0010629363162585781,0.00010196755032385624,5.225945915230262e-05,-0.00047440845556672161
0.033443701684203582,0.021200870956208182,0.017070004057056439,0.020221288106245419,0.015646044697192187,0.0098265262182299345,0.0047240681231275564,0.0029285385788604544,0.0060622245848457037,0.0063001244252189606,0.0070926546824503145,0.0069779697129621491,0.0073870873681370838,0.0074733629116209063,0.0081095712518928359,0.0082004490547953023,0.0081607895092728009,0.0080468618912598842,0.007810010927897861,0.0078721358475439766,0.007511284574437109,0.0075318707683186201,0.0077342047249085158,0.0079594769866286174,0.0078476826600047817,0.0075728660068714593,0.0075206213646598916,0.0073854192343539623,0.0070035091185310441,0.0071024965920857344,0.0067117436470566609,0.0064006336903206359,0.0057741445427077799,0.0058622131672795667,0.005510030613995096,0.004665925738958185,0.0039405422058363436,0.0032423874975183154,0.0024187740712306909,0.0018542968738155024,0.0012665200233199963,0.00035414813440188544,-0.00035468673311306933,-0.001256197554317075,-0.0017298910746567529,-0.0021643620861494777,-0.0031479652544011152,-0.0035475083830566745,-0.0043343749377205568,-0.0048270009195230477,-0.0052780144246640836
0.033633146784298629,0.021178936351011833,0.01799303751337521,0.020877099714492319,0.016503438128171052,0.010560404306060927,0.0054739643838791789,0.0036094701145558006,0.0063001244252189606,0.00076939896633610729,0.0011127050304173796,0.0025023545362372877,0.0029416364306318909,0.0030250219350552465,0.0037059329389659322,0.0041682366405127137,0.0044579291829335331,0.0046300471558984955,0.0054241196652902455,0.0057090138240536966,0.0058807637495823985,0.0059449890344622823,0.0061357174864411727,0.0060096531951770405,0.0058294858078869628,0.0065734520119495278,0.0067427180342223749,0.0069321661388204144,0.0068286993830371755,0.006626015444939186,0.0068061891242795916,0.00624129329147898,0.0064051949580939734,0.0065305739958545295,0.0062251448197978738,0.0059409847951089924,0.0056539678408662405,0.0058117103371995334,0.0053756347673289077,0.0052196925694231932,0.0050688857838430404,0.0047426746630706788,0.0039262533261690555,0.0038334515310939278,0.0031512453079510206,0.0024866954423693952,0.0020864918421943158,0.0012453355628588331,0.00085334720681396966,0.00062034168299806734,0.0001085765343349307
0.033439542807121254,0.021127537888563478,0.018630882448685566,0.020686788236477818,0.016776760866393479,0.010795000684056406,0.0060524836533847751,0.0042298341062719982,0.0070926546824503145,0.0011127050304173796,0.0062500519080704586,0.0066374070115723383,0.0071862510420813864,0.0076801238264720675,0.0077264345762189414,0.0077198827954243687,0.0079748751653114548,0.0079374959088685873,0.0085081973713044354,0.0084613952122561571,0.0081962474790732015,0.0082160706890441106,0.0079090675986222096,0.0076745629833192327,0.0073905724314440027,0.0076995385860558893,0.0076693677142151114,0.0077088119700666003,0.0071810458223971144,0.0071210959689843416,0.0073851954651181747,0.0069646694337686622,0.0067467713523160031,0.0065775561039490118,0.0062080502010952209,0.0056065483494961406,0.0048040724022967796,0.0044756069672969431,0.0039550942022240163,0.0035601161786519954,0.003434786314530658,0.0028653842117466865,0.0019691629224719925,0.0012685670633318165,0.00055143290106510168,0.00017728687390592912,-0.00063155322786838722,-0.0014574601733155896,-0.0023476510443830537,-0.0026275034163887549,-0.0031332816237267603
0.033606046690287654,0.02104345899742217,0.019477371615602826,0.021093521818051263,0.017032609527376966,0.01131446155693921,0.0069010751226387858,0.0049615763782246544,0.0069779697129621491,0.0025023545362372877,0.0066374070115723383,0.003416702162488927,0.0035461289305240085,0.0034092683655629909,0.0037281822535262356,0.0039904430957713576,0.0041168245319776467,0.0039773547558253439,0.0042244308216951749,0.0038549620914366135,0.0037614612109066882,0.0036314971390235219,0.0035871583916012874,0.0044193402986637967,0.0045131155176356512,0.0048048660284921909,0.0046379113054530342,0.0044366324955141265,0.0037806684639012955,0.0036803878363466267,0.0034575823806115157,0.003184117486210618,0.003452298528538309,0.0030310397242549179,0.0025452062618673619,0.0020762622939804439,0.0011432353811482948,0.00065099342886748817,0.00034593411075507091,-1.5158867480559168e-05,-0.00051312496946292335,-0.0012071567190145988,-0.0021731062097991066,-0.0029771364544177296,-0.003571587068509019,-0.0042311692210546649,-0.0045746146156433812,-0.0053177461479464502,-0.0060790938638972799,-0.0067641890372846384,-0.0074953743351451555
0.033931095853211371,0.020528164573465721,0.019550287784619889,0.021639615875448458,0.017322697294469246,0.011296493567280281,0.0073118500428396493,0.0053383735355654917,0.0073870873681370838,0.0029416364306318909,0.0071862510420813864,0.0035461289305240085,-0.0025272563346829726,-0.0023108778885455256,-0.0018660014099741151,-0.0018682562570131683,-0.0019600752775637467,-0.0017925942245450358,-0.0016855192294354224,-0.001935031984441045,-0.0021026017541989259,-0.0022102259324059807,-0.002656702205295197,-0.0028786625324644104,-0.0028513677161689345,-0.0026791482010056931,-0.0026222154844216363,-0.0029242115412607727,-0.0032581083783471644,-0.0030755270708730797,-0.0029425915620267672,-0.0035179171561050605,-0.0037713723654106764,-0.0038845423052354024,-0.0045607836198888725,-0.0051063821641175846,-0.006133859088758558,-0.0065413360546298319,-0.006866978574148923,-0.0073348780036408788,-0.0076949820247471335,-0.0083653278430792285,-0.009340879831299477,-0.0099338391041822408,-0.010557710958416172,-0.011227790550947237,-0.01190349529236868,-0.012814548588808074,-0.013570699924963951,-0.013845242654359959,-0.01444490862544948
0.033685149399240569,0.02043848081286891,0.019755590676638693,0.021323004384901482,0.017589113720126729,0.011531337123894784,0.0072832883329924276,0.0052143549181609371,0.0074733629116209063,0.0030250219350552465,0.0076801238264720675,0.0034092683655629909,-0.0023108778885455256,-0.010423738240073331,-0.0098567249250356027,-0.0093004452683275313,-0.0091458008064260968,-0.0088756717478757682,-0.008816426998225449,-0.0090537586251081895,-0.0093276751463289148,-0.0096170158992406538,-0.0099934428718784392,-0.010335032431898414,-0.010615871242638132,-0.010309445784160605,-0.01061283864017318,-0.010362447885419677,-0.010582277222784044,-0.010635407147741026,-0.010889308517403917,-0.011423691435399232,-0.012082931284873725,-0.012260005810058355,-0.012757592748306441,-0.013380566636200126,-0.014190501925659732,-0.014977346530787257,-0.015603865434770388,-0.015993356957615029,-0.016445131128096407,-0.01710350060529349,-0.018028913683419554,-0.018739170990692045,-0.019324585057428977,-0.020069628595200398,-0.020938763306822851,-0.022118189104564,-0.022521364787035088,-0.02313821827353843,-0.024043275879701023
0.033700076437957673,0.020625235957345459,0.020235447348318159,0.021740023043089737,0.018286484113003022,0.011962316257103724,0.0073663525583942948,0.0055522549147319798,0.0081095712518928359,0.0037059329389659322,0.0077264345762189414,0.0037281822535262356,-0.0018660014099741151,-0.0098567249250356027,-0.017289916631289731,-0.016591168200175328,-0.015848265721442802,-0.015549063311691723,-0.014336039199612415,-0.013452026776945821,-0.013184436433238404,-0.012653879168552588,-0.012553158234638128,-0.012525690259188305,-0.012538229455303836,-0.01231812327443532,-0.012066604602659568,-0.011919602695695176,-0.012215220484794344,-0.011972296012691931,-0.011877549324627222,-0.011966406791090884,-0.01157816055658953,-0.011646932585106412,-0.012236151275522751,-0.012731501575811719,-0.013079614918901502,-0.012949137901769993,-0.013194670124261645,-0.013520604390728068,-0.013362619668160779,-0.013759947744377689,-0.014229663356466462,-0.014752087060777417,-0.015199634344852766,-0.01552966621939746,-0.016086047766463184,-0.01621247551577679,-0.016507673322743013,-0.016631022145302241,-0.016906236229745013
0.03348067468355425,0.021009085441450442,0.020581268385089141,0.021833969058102705,0.017959510304612847,0.012367589460314014,0.0078807336349704278,0.0062320186404246167,0.0082004490547953023,0.0041682366405127137,0.0077198827954243687,0.0039904430957713576,-0.0018682562570131683,-0.0093004452683275313,-0.016591168200175328,-0.010472030149607025,-0.010571136572101545,-0.010614156597471265,-0.010186113657699399,-0.0093086942410983437,-0.0090334881057286473,-0.0089991874634867512,-0.0087679682432486479,-0.0089524699435524074,-0.0089749566875463697,-0.0086211332130813317,-0.008864630135750666,-0.0086821381418912338,-0.008951638929329514,-0.0083443350096851724,-0.0080925334772030382,-0.0080876512125076672,-0.0081613144845540525,-0.0081381057762536929,-0.0086381312353501199,-0.0087909657261591879,-0.0094357034980583482,-0.0099687627995203292,-0.010344748180328343,-0.010993720777932233,-0.011383117885614418,-0.011867012446120673,-0.012501138683733294,-0.013254545680194598,-0.013700382797954018,-0.013997146014115343,-0.014692763369878216,-0.01551067198705235,-0.015991264513178879,-0.016315651238972138,-0.016660432327930415
0.033183453609361029,0.021016329877003012,0.020594440337420073,0.021597528603468526,0.017823606426699858,0.012147187626802397,0.0080860361138634443,0.0064062339867058558,0.0081607895092728009,0.0044579291829335331,0.0079748751653114548,0.0041168245319776467,-0.0019600752775637467,-0.0091458008064260968,-0.015848265721442802,-0.010571136572101545,-0.010974633027818101,-0.010782985723098867,-0.010456499734807619,-0.010123051992975678,-0.0099290222093188548,-0.0097860686966813656,-0.0093704466178407778,-0.0092991898024150088,-0.0090539906212926801,-0.0082568912757307912,-0.0080400709571017866,-0.0081517620840478242,-0.0084838009930876118,-0.0084898733821118285,-0.0080451940404980028,-0.0081826850939586398,-0.0083535123552322451,-0.008405822044455457,-0.0086928765746446968,-0.0092447508855941548,-0.010021177148077818,-0.010161634630841562,-0.010335516328303618,-0.010896795861858165,-0.011203515279753993,-0.011809807417715444,-0.012441791020968197,-0.013362606161661562,-0.01417681363022571,-0.014641155225615082,-0.014818635138962106,-0.015331054511157079,-0.015813987021595706,-0.015849216498200834,-0.016401262689244654
0.033017566783986124,0.020617784862856287,0.020790707051184285,0.021498797916414358,0.017877464058499357,0.012002561789267676,0.0081363566089218669,0.0067858305983843504,0.0080468618912598842,0.0046300471558984955,0.0079374959088685873,0.0039773547558253439,-0.0017925942245450358,-0.0088756717478757682,-0.015549063311691723,-0.010614156597471265,-0.010782985723098867,-0.011686703097734324,-0.011013263195708847,-0.010281330898106098,-0.010246603263262787,-0.010345465754270804,-0.01005465728188182,-0.010070993949253178,-0.009563193952451074,-0.0095111020929309568,-0.0095839737504017537,-0.0093235821993008835,-0.0095107593297631982,-0.0093037966909891856,-0.0091068545184110981,-0.0094254543991238535,-0.0097923000342033245,-0.009849582418515539,-0.0099210290761139637,-0.010367634822889554,-0.011089401095334151,-0.011573891273805552,-0.011906625613252585,-0.011979401786349089,-0.012203726147550836,-0.01271667889941315,-0.013826574004648852,-0.014342154864531897,-0.014825729373005135,-0.014815761840709844,-0.015010916670475639,-0.01553068028779339,-0.016697827384456725,-0.016996484061302056,-0.017488257340816736
0.032812213033515267,0.020726792822800984,0.021253236008813663,0.021530104768297198,0.018112658613838831,0.012209429922675836,0.0081489106566931552,0.0069822252722832158,0.007810010927897861,0.0054241196652902455,0.0085081973713044354,0.0042244308216951749,-0.0016855192294354224,-0.008816426998225449,-0.014336039199612415,-0.010186113657699399,-0.010456499734807619,-0.011013263195708847,-0.012190200823156506,-0.011819423324722043,-0.011313905842651564,-0.011100176776058018,-0.010808753484085148,-0.010597921780263132,-0.010628768085096269,-0.009684471822859279,-0.0096601230111456743,-0.0092366269782916937,-0.0093979216272849758,-0.0086264579321782397,-0.0084907621315683853,-0.0086352462145000333,-0.0084876237623579803,-0.0086025034956279198,-0.0092799703525147277,-0.0097825777866864909,-0.010702928654249037,-0.010755812016009145,-0.010828346399523488,-0.010893675067101389,-0.010960118871032225,-0.011262639725827844,-0.012096824108966174,-0.01271925039082415,-0.013075305049552162,-0.013413934229347439,-0.013987408566063862,-0.014431830792831734,-0.014840451321580225,-0.014890314728606746,-0.014915724261574538
0.032370261780127182,0.020573361524317907,0.021256952565049145,0.021232519028682537,0.018423535345419871,0.012068364299052248,0.0081297376439343847,0.0072372244553867869,0.0078721358475439766,0.0057090138240536966,0.0084613952122561571,0.0038549620914366135,-0.001935031984441045,-0.0090537586251081895,-0.013452026776945821,-0.0093086942410983437,-0.010123051992975678,-0.010281330898106098,-0.011819423324722043,-0.00900609342016386,-0.0082812488893779703,-0.0083925033591117065,-0.0085053464353302237,-0.0079995006016802695,-0.0078332117243510042,-0.0077336231420996483,-0.007824133085211786,-0.0077683903881732609,-0.0076794473125308647,-0.0073856414217491452,-0.0074463596326506849,-0.0078658416576380449,-0.0078048188172098552,-0.0077203544923675847,-0.0079598030679841475,-0.00818204410923953,-0.0088500186481731465,-0.009141241486880565,-0.0096033883801342548,-0.009975219238103657,-0.010336753900186181,-0.010744298873386762,-0.010997892630158318,-0.011544830388893288,-0.012160446667903356,-0.012503694676290821,-0.013135356616052767,-0.013685308071268528,-0.014433301041259559,-0.014703902707362253,-0.015101378364480835
0.032258757540920821,0.020220391246086166,0.021299680848209129,0.020996009413905642,0.018511059523480849,0.011816157528278762,0.0079933707875540234,0.0076595159605939078,0.007511284574437109,0.0058807637495823985,0.0081962474790732015,0.0037614612109066882,-0.0021026017541989259,-0.0093276751463289148,-0.013184436433238404,-0.0090334881057286473,-0.0099290222093188548,-0.010246603263262787,-0.011313905842651564,-0.0082812488893779703,-0.010243119808725665,-0.01026516180082772,-0.010238046867037212,-0.0098087071062666516,-0.0095801531151502011,-0.009456129989133406,-0.0093243880302591696,-0.0093078012218453261,-0.0094305932776008634,-0.0092170305445200412,-0.0091098842365998391,-0.0092982289762817676,-0.0088957408336116078,-0.0086323200168237461,-0.0085251837691623072,-0.0090008105529362573,-0.0094988675732441546,-0.0097708059288200231,-0.0099784167006125007,-0.01047221448444984,-0.010674242066552216,-0.011206004824428488,-0.011922451855118674,-0.01183221187677112,-0.01207500697408689,-0.012541029072955847,-0.013174281099691775,-0.01401750747817563,-0.014780748174336254,-0.015013303112923721,-0.015427585882508579
0.031922354309634422,0.019661905772381215,0.021332973943968117,0.020922682601573993,0.018017187516292315,0.011364783844727618,0.0075117341448654729,0.007891064419832278,0.0075318707683186201,0.0059449890344622823,0.0082160706890441106,0.0036314971390235219,-0.0022102259324059807,-0.0096170158992406538,-0.012653879168552588,-0.0089991874634867512,-0.0097860686966813656,-0.010345465754270804,-0.011100176776058018,-0.0083925033591117065,-0.01026516180082772,-0.0088787600144794761,-0.0088069660022065416,-0.0082277458179083485,-0.0078944589448347643,-0.0075517708967707438,-0.0077565088847102275,-0.0074425214923829674,-0.0076841932659402114,-0.0080355146544857075,-0.0081491672586336914,-0.0084568817432466789,-0.0086124266070007408,-0.0088968077399587293,-0.0092209930988529035,-0.0094234168527850184,-0.010030265482575587,-0.010502864070580717,-0.010684125581567581,-0.010984150516429625,-0.011278682371383988,-0.012164387151229739,-0.012930400393068977,-0.013495765266103439,-0.014379377912054601,-0.01523055115674208,-0.015714497110461089,-0.016736334787852598,-0.017183533047593104,-0.017710370872638569,-0.018464950734911008
0.031725700765976861,0.018899656204782133,0.021126040450501052,0.020511570259664005,0.017412425629245391,0.011507123772983236,0.006867018794541482,0.0081084119885759583,0.0077342047249085158,0.0061357174864411727,0.0079090675986222096,0.0035871583916012874,-0.002656702205295197,-0.0099934428718784392,-0.012553158234638128,-0.0087679682432486479,-0.0093704466178407778,-0.01005465728188182,-0.010808753484085148,-0.0085053464353302237,-0.010238046867037212,-0.0088069660022065416,-0.013016903000380381,-0.01283228770276334,-0.012773811138146719,-0.012100430504432791,-0.011955781775866528,-0.011867805684388479,-0.012378712805331402,-0.012050739868936901,-0.011844654766785272,-0.012367169703566584,-0.012051642561261127,-0.011725164006863924,-0.011758722310066368,-0.012497411053468164,-0.013063159839139684,-0.013369589946716363,-0.013814195586582333,-0.013993700387032439,-0.014441650849490307,-0.015192972889090222,-0.015784397784327865,-0.016231881322789531,-0.016843722228620392,-0.017177693109842664,-0.017556926032066923,-0.018532297985723312,-0.019232548400542365,-0.019839901406749426,-0.020361797315699457
0.031471354263706737,0.018530629203439335,0.021257949798977216,0.020432445964623468,0.017050040451232776,0.011425319341535489,0.0070314762469884219,0.0083961501494084819,0.0079594769866286174,0.0060096531951770405,0.0076745629833192327,0.0044193402986637967,-0.0028786625324644104,-0.010335032431898414,-0.012525690259188305,-0.0089524699435524074,-0.0092991898024150088,-0.010070993949253178,-0.010597921780263132,-0.0079995006016802695,-0.0098087071062666516,-0.0082277458179083485,-0.01283228770276334,-0.015054945557329492,-0.014689058970287954,-0.014148693080066506,-0.013880123571568094,-0.013612135627590805,-0.013427426510575366,-0.013317481569794723,-0.012737981037083443,-0.012545780546850325,-0.012131824385101686,-0.0117237644989087,-0.011233297800300404,-0.011432674602493451,-0.012036070773103176,-0.011831551879654118,-0.012027123199981995,-0.012666315652941757,-0.012752409759120975,-0.013270991668315501,-0.013917341231062107,-0.014319525594689636,-0.014672369773814833,-0.015294802804056911,-0.01563717894097828,-0.015877703758737594,-0.016353902423988029,-0.016571431005496101,-0.017224130746502468
0.031134160465567447,0.018381570436473805,0.021169818924255485,0.01998149918205255,0.016757270777676362,0.011046193083336259,0.0067274254128902797,0.0085092286220437123,0.0078476826600047817,0.0058294858078869628,0.0073905724314440027,0.0045131155176356512,-0.0028513677161689345,-0.010615871242638132,-0.012538229455303836,-0.0089749566875463697,-0.0090539906212926801,-0.009563193952451074,-0.010628768085096269,-0.0078332117243510042,-0.0095801531151502011,-0.0078944589448347643,-0.012773811138146719,-0.014689058970287954,-0.011312125952997895,-0.010644167010884159,-0.010713702781643891,-0.011077004099972844,-0.011426521694333929,-0.011251052841383587,-0.01101091216743812,-0.011261029187442454,-0.010961017001219726,-0.011012331575601442,-0.011629657010006138,-0.012231440762477418,-0.012704580279418849,-0.012704290229594774,-0.012852700366080274,-0.013237807579096244,-0.013506431238036586,-0.014020142452382112,-0.014821573044540064,-0.015248355645473333,-0.015828500399845152,-0.016352584726384095,-0.016880058286985418,-0.017503070947504858,-0.018372024487944803,-0.018745153675965572,-0.019378123884338239
0.030839865335459835,0.018113232792871407,0.021424458659671318,0.020207481694465502,0.016388564796354053,0.011244296769586843,0.0067052858164966585,0.0090799422655806362,0.0075728660068714593,0.0065734520119495278,0.0076995385860558893,0.0048048660284921909,-0.0026791482010056931,-0.010309445784160605,-0.01231812327443532,-0.0086211332130813317,-0.0082568912757307912,-0.0095111020929309568,-0.009684471822859279,-0.0077336231420996483,-0.009456129989133406,-0.0075517708967707438,-0.012100430504432791,-0.014148693080066506,-0.010644167010884159,-0.012434671113274788,-0.01153507822592045,-0.010468141429256101,-0.010299897015355532,-0.0098730684117678807,-0.009430433206147542,-0.0096049783764711478,-0.0092210056659204689,-0.0085820587929409803,-0.0085230716095976902,-0.008579304947258783,-0.0090601661094521953,-0.0089797782563027489,-0.0095312210938304706,-0.0093802265141512148,-0.0093177835076682196,-0.0092722811515928254,-0.0097221449764043743,-0.0098927277166695211,-0.010100519258133956,-0.010218900204608538,-0.010651258498525827,-0.010986160429476741,-0.011402171940147839,-0.01153973095333987,-0.01163194883861637
0.030371951180599776,0.017644117349494049,0.021234814382025399,0.019922951848633939,0.016261685578572115,0.011007531612507256,0.0069876420566556408,0.0090178731017490545,0.0075206213646598916,0.0067427180342223749,0.0076693677142151114,0.0046379113054530342,-0.0026222154844216363,-0.01061283864017318,-0.012066604602659568,-0.008864630135750666,-0.0080400709571017866,-0.0095839737504017537,-0.0096601230111456743,-0.007824133085211786,-0.0093243880302591696,-0.0077565088847102275,-0.011955781775866528,-0.013880123571568094,-0.010713702781643891,-0.01153507822592045,-0.0068357236172409989,-0.0066547286243352202,-0.0062996747221728232,-0.0057170893126783718,-0.0051377311770279422,-0.0052442615660859551,-0.0050876275081731129,-0.0050569146175499504,-0.0047308398202063973,-0.0050673163191968171,-0.0055176886339980994,-0.0057574301810194139,-0.0059728293038519764,-0.0060901429851784707,-0.0061900908144467779,-0.0063857818885836989,-0.0070353479428197918,-0.0071557183182094052,-0.00747761655386215,-0.0076336159725659391,-0.0081687826490501967,-0.0084210669987983006,-0.008877976308055497,-0.0093224180611446543,-0.0095897516491341532
0.030330231447966937,0.017272077063716095,0.021025012386146104,0.019824484084873247,0.015751798355689708,0.010987461814635266,0.0067431278310537534,0.0087229146866019212,0.0073854192343539623,0.0069321661388204144,0.0077088119700666003,0.0044366324955141265,-0.0029242115412607727,-0.010362447885419677,-0.011919602695695176,-0.0086821381418912338,-0.0081517620840478242,-0.0093235821993008835,-0.0092366269782916937,-0.0077683903881732609,-0.0093078012218453261,-0.0074425214923829674,-0.011867805684388479,-0.013612135627590805,-0.011077004099972844,-0.010468141429256101,-0.0066547286243352202,-0.0037096070239603773,-0.0029130321462000606,-0.0025169375930113149,-0.0025240968809491404,-0.0024242873699275454,-0.0027115400771351552,-0.0023872303379565089,-0.0027733098150967972,-0.0027363563748375517,-0.0032805760879307932,-0.0037449835644375452,-0.0040968996042427411,-0.0042399781725450556,-0.0042372516929272061,-0.0048138332848918193,-0.0055895785270507932,-0.0059110153340193828,-0.006629202340775406,-0.0070411149963550091,-0.0078791737199829324,-0.0086065527327680042,-0.0091719073765975431,-0.0091540010709348502,-0.0094903117752750399
0.029528391839926119,0.016776418630543563,0.020485883728595226,0.019220233789316962,0.015235773206430232,0.01073571732182599,0.0061555485491065131,0.0082843628542812933,0.0070035091185310441,0.0068286993830371755,0.0071810458223971144,0.0037806684639012955,-0.0032581083783471644,-0.010582277222784044,-0.012215220484794344,-0.008951638929329514,-0.0084838009930876118,-0.0095107593297631982,-0.0093979216272849758,-0.0076794473125308647,-0.0094305932776008634,-0.0076841932659402114,-0.012378712805331402,-0.013427426510575366,-0.011426521694333929,-0.010299897015355532,-0.0062996747221728232,-0.0029130321462000606,-0.0054732861998202419,-0.0054694292421108241,-0.0054342358472565903,-0.0058408891665756068,-0.005976138686125048,-0.0062622378696084446,-0.0068370776027003363,-0.0071370702041036859,-0.0079287342477025232,-0.0080137451529691435,-0.0085147675501101357,-0.0091180703996577954,-0.0093748752668840855,-0.009941444289223958,-0.011021924600584931,-0.011694238936370463,-0.012387225210956263,-0.013167806696562029,-0.013537502015337646,-0.014240746953368277,-0.014797499456688979,-0.01527997694601071,-0.015985356388369367
0.028941298277280852,0.01663868343986381,0.020761700663501043,0.019275970227669147,0.014880908691797026,0.01049366910786151,0.0059978817896805415,0.0084927422951873305,0.0071024965920857344,0.006626015444939186,0.0071210959689843416,0.0036803878363466267,-0.0030755270708730797,-0.010635407147741026,-0.011972296012691931,-0.0083443350096851724,-0.0084898733821118285,-0.0093037966909891856,-0.0086264579321782397,-0.0073856414217491452,-0.0092170305445200412,-0.0080355146544857075,-0.012050739868936901,-0.013317481569794723,-0.011251052841383587,-0.0098730684117678807,-0.0057170893126783718,-0.0025169375930113149,-0.0054694292421108241,-0.0097027378021393336,-0.0090135462310431038,-0.0089283800166424874,-0.0085328642980521847,-0.0079678846649625795,-0.0079625187685811987,-0.0083385042171853913,-0.0085055262895732415,-0.0087310561629081081,-0.0090732793265195944,-0.0091355216968933423,-0.0093416755959479306,-0.0097665901754117775,-0.010245242582660867,-0.010457370363708196,-0.010768698453177952,-0.010733581371720863,-0.011402005008735254,-0.011821878628974649,-0.012306592725680843,-0.012299314862928633,-0.012415066261743992
0.028703131095819508,0.016453492398641439,0.020612904774947219,0.019054387226422109,0.014782844787906826,0.010275739792054081,0.005950217242359346,0.0084107382093444802,0.0067117436470566609,0.0068061891242795916,0.0073851954651181747,0.0034575823806115157,-0.0029425915620267672,-0.010889308517403917,-0.011877549324627222,-0.0080925334772030382,-0.0080451940404980028,-0.0091068545184110981,-0.0084907621315683853,-0.0074463596326506849,-0.0091098842365998391,-0.0081491672586336914,-0.011844654766785272,-0.012737981037083443,-0.01101091216743812,-0.009430433206147542,-0.0051377311770279422,-0.0025240968809491404,-0.0054342358472565903,-0.0090135462310431038,-0.0064264286956774433,-0.0059018925611389128,-0.0057418951976407314,-0.0051599805976197781,-0.0049726009643305267,-0.0049523600770789824,-0.0049188327445628278,-0.0045660302163377589,-0.0045886269201627109,-0.0044158830846559739,-0.004120850119843312,-0.0046083489409777714,-0.0052627677685049608,-0.0050896584926935686,-0.005000705154733975,-0.0051012208270079015,-0.0052117568407754724,-0.0056951125648570635,-0.0060117073036578426,-0.0058761593944789458,-0.0061703473582704806
0.028129136898124837,0.015924470783819963,0.020282793663821398,0.018312121131803541,0.014464176252387299,0.0096762597803737877,0.0057217225151060293,0.0080255271846485753,0.0064006336903206359,0.00624129329147898,0.0069646694337686622,0.003184117486210618,-0.0035179171561050605,-0.011423691435399232,-0.011966406791090884,-0.0080876512125076672,-0.0081826850939586398,-0.0094254543991238535,-0.0086352462145000333,-0.0078658416576380449,-0.0092982289762817676,-0.0084568817432466789,-0.012367169703566584,-0.012545780546850325,-0.011261029187442454,-0.0096049783764711478,-0.0052442615660859551,-0.0024242873699275454,-0.0058408891665756068,-0.0089283800166424874,-0.0059018925611389128,-0.0011319406800334019,-0.0012975928502434811,-0.00076430969669818831,-0.00073566440985248834,-0.00079887323999469184,-0.0017302945194792793,-0.0017709952865001752,-0.002109202488040687,-0.0026161547940144214,-0.0029981400910490986,-0.0034525695458013073,-0.0044082282982700069,-0.0049751388859284916,-0.0055560466416272238,-0.0059280841049154228,-0.0065348624615109933,-0.0071927478164208677,-0.007797710925082915,-0.0076143546983303764,-0.0080526489785589656
0.028158477855734786,0.01562963056020512,0.020050803854771881,0.018082148331611283,0.014099699840361368,0.0097877620640607118,0.005402609440238417,0.0077241283331529395,0.0057741445427077799,0.0064051949580939734,0.0067467713523160031,0.003452298528538309,-0.0037713723654106764,-0.012082931284873725,-0.01157816055658953,-0.0081613144845540525,-0.0083535123552322451,-0.0097923000342033245,-0.0084876237623579803,-0.0078048188172098552,-0.0088957408336116078,-0.0086124266070007408,-0.012051642561261127,-0.012131824385101686,-0.010961017001219726,-0.0092210056659204689,-0.0050876275081731129,-0.0027115400771351552,-0.005976138686125048,-0.0085328642980521847,-0.0057418951976407314,-0.0012975928502434811,-0.0014560475741421397,-0.00059972867378787261,-0.00049384943431559107,-0.00093936734688521628,-0.0013785804047643658,-0.0016750222660413133,-0.0014489443227816278,-0.0013925654365165392,-0.0012347107767709271,-0.0010333369767920647,-0.0013892416689828271,-0.0015208262818253609,-0.0016160113054148337,-0.0021354279932477515,-0.0020357082494130946,-0.002530271584940489,-0.0033460807393079152,-0.0038141675482634861,-0.0040063219460826404
0.027839211660017175,0.015401180386606615,0.019900374142483641,0.01797272658484261,0.013994411692396512,0.0095906962607298831,0.005332765432504675,0.0075657892262169062,0.0058622131672795667,0.0065305739958545295,0.0065775561039490118,0.0030310397242549179,-0.0038845423052354024,-0.012260005810058355,-0.011646932585106412,-0.0081381057762536929,-0.008405822044455457,-0.009849582418515539,-0.0086025034956279198,-0.0077203544923675847,-0.0086323200168237461,-0.0088968077399587293,-0.011725164006863924,-0.0117237644989087,-0.011012331575601442,-0.0085820587929409803,-0.0050569146175499504,-0.0023872303379565089,-0.0062622378696084446,-0.0079678846649625795,-0.0051599805976197781,-0.00076430969669818831,-0.00059972867378787261,0.0011285225106312656,0.0011682234692946842,0.0011670707183823251,0.00086393467944162309,0.00097480879323487532,0.0010136287407155082,0.0015562756206868153,0.002163325657216685,0.0020080156548303429,0.0016006549722201102,0.0013299502661673196,0.0010227538944453101,0.00065071488335334885,0.00030668266330677264,1.1636300223080708e-05,-0.00029075152530397329,-0.00041042892511256978,-0.00054328227079295129
0.027491743625719368,0.014698563399071149,0.019322478765984329,0.01746131187443262,0.013402404449037644,0.0093589382963839667,0.0051649594615383173,0.0074566049495588763,0.005510030613995096,0.0062251448197978738,0.0062080502010952209,0.0025452062618673619,-0.0045607836198888725,-0.012757592748306441,-0.012236151275522751,-0.0086381312353501199,-0.0086928765746446968,-0.0099210290761139637,-0.0092799703525147277,-0.0079598030679841475,-0.0085251837691623072,-0.0092209930988529035,-0.011758722310066368,-0.011233297800300404,-0.011629657010006138,-0.0085230716095976902,-0.0047308398202063973,-0.0027733098150967972,-0.0068370776027003363,-0.0079625187685811987,-0.0049726009643305267,-0.00073566440985248834,-0.00049384943431559107,0.0011682234692946842,0.0049439016283862637,0.0046652413309782636,0.0041099836577261802,0.0038712444610288022,0.0034287142544330352,0.003340145025835579,0.0029012318703941762,0.0023286506626979311,0.0016451341029809564,0.0011004798981705793,0.00091985344146880139,0.00050715878354687046,-0.00014747532459640332,-0.00078884499885329144,-0.001695977847238726,-0.0017762779488977769,-0.002241021549876222
