"dx=0.05 over [-20,20]"
"max N: 5000, trials: 50"
intercepts
0.0050922943601893504,0.004599329620895409,0.00395577479701603,0.0036935151751077261,0.0035348619900522904,0.0029783354199718892,0.0022951644146434781,0.0017266609977626135,0.0012252294786948704,0.00087580938500102397,0.00011853353633927547
0.004599329620895409,0.0039350362544001748,0.0035116790665346148,0.0029764676875437394,0.0032299138632596023,0.0030931201918958122,0.0022245202889031538,0.0013875005215852121,0.00046144010206751728,-0.00016945821710972878,-0.00097261250437984613
0.00395577479701603,0.0035116790665346148,0.0022375942861150044,0.0019269582418268178,0.0015528552944496154,0.00107856705874365,-0.00010061566714508765,-0.00088029588768754436,-0.0016487812029367401,-0.0025785785042909916,-0.0032557207596307217
0.0036935151751077261,0.0029764676875437394,0.0019269582418268178,0.0013756388609809022,0.00080709240391806016,0.0001563969965866885,-0.00038350713706525997,-0.001327635970073165,-0.0024314180839844659,-0.0032381489980143814,-0.0041414081304860136
0.0035348619900522904,0.0032299138632596023,0.0015528552944496154,0.00080709240391806016,0.0016038034600879159,0.0013091991137984111,0.00045188319470057542,-0.00021880480492078287,-0.00056963999298912922,-0.0013287866284602905,-0.0021364654867670825
0.0029783354199718892,0.0030931201918958122,0.00107856705874365,0.0001563969965866885,0.0013091991137984111,0.0017624694327281073,0.00096738879697816219,0.00048799007011464835,-0.00060447360469863818,-0.001481190213907365,-0.0022382207394689413
0.0022951644146434781,0.0022245202889031538,-0.00010061566714508765,-0.00038350713706525997,0.00045188319470057542,0.00096738879697816219,0.0002690899496712394,-0.0008793785269356377,-0.0021164015850434637,-0.0031770901299358989,-0.0043501051614803889
0.0017266609977626135,0.0013875005215852121,-0.00088029588768754436,-0.001327635970073165,-0.00021880480492078287,0.00048799007011464835,-0.0008793785269356377,-0.0014815522844934337,-0.0025253355717204302,-0.003411356030619987,-0.0045999345395600771
0.0012252294786948704,0.00046144010206751728,-0.0016487812029367401,-0.0024314180839844659,-0.00056963999298912922,-0.00060447360469863818,-0.0021164015850434637,-0.0025253355717204302,-0.0019427641375208116,-0.0023816134923535254,-0.0034645032913194203
0.00087580938500102397,-0.00016945821710972878,-0.0025785785042909916,-0.0032381489980143814,-0.0013287866284602905,-0.001481190213907365,-0.0031770901299358989,-0.003411356030619987,-0.0023816134923535254,-0.00018880959703251543,-0.001179654244019737
0.00011853353633927547,-0.00097261250437984613,-0.0032557207596307217,-0.0041414081304860136,-0.0021364654867670825,-0.0022382207394689413,-0.0043501051614803889,-0.0045999345395600771,-0.0034645032913194203,-0.001179654244019737,0.0016670942121018062
intercept errors
0.00024489802524800162,0.00021873510251558401,0.00021854296929186184,0.0002619362857476038,0.00031528405517098707,0.00038468148106670025,0.00041277680243105309,0.00037381123231978493,0.00042164618664748379,0.00046888890610857986,0.000476265979185807
0.00021873510251558401,0.00026054315699479619,0.00021786328393618139,0.00020328681975417936,0.00018010742737473897,0.00014939712934803671,9.9642908028351747e-05,5.97174319021582e-05,7.2025311573471371e-05,9.3912054236975796e-05,0.00011131119313531618
0.00021854296929186184,0.00021786328393618139,0.00017113946737555897,0.00023104105048450576,0.00030537291270777794,0.00030636328855369595,0.00033462783164921682,0.00035667413198701991,0.00036160733176522468,0.00040071651301396217,0.00041753525960163855
0.0002619362857476038,0.00020328681975417936,0.00023104105048450576,0.00042137041163404072,0.00036577610486777544,0.0003498977095318996,0.00030145600194640763,0.00032000751113403877,0.0002893182235860138,0.00025537939768578672,0.00021961272337182427
0.00031528405517098707,0.00018010742737473897,0.00030537291270777794,0.00036577610486777544,0.00019087434459393203,0.0001341798599300053,0.00014201411655975093,0.00012271492290296556,0.00016507288374660586,0.00020456917054214709,0.00024512453268077671
0.00038468148106670025,0.00014939712934803671,0.00030636328855369595,0.0003498977095318996,0.0001341798599300053,0.00022220204520933911,0.00020577379253891752,0.00021658804809559433,0.00022233018664916191,0.00017615570927470567,0.00015556591754993887
0.00041277680243105309,9.9642908028351747e-05,0.00033462783164921682,0.00030145600194640763,0.00014201411655975093,0.00020577379253891752,0.00016317604947542212,0.00014116157017353434,0.00016372598303939292,0.00014535440870243265,0.00020355909970885621
0.00037381123231978493,5.97174319021582e-05,0.00035667413198701991,0.00032000751113403877,0.00012271492290296556,0.00021658804809559433,0.00014116157017353434,0.00012565938565166953,0.00011132015710187117,0.00011137125496622236,0.0001738294503579914
0.00042164618664748379,7.2025311573471371e-05,0.00036160733176522468,0.0002893182235860138,0.00016507288374660586,0.00022233018664916191,0.00016372598303939292,0.00011132015710187117,0.00019966143154554847,0.00020095586561803784,0.0001572239675042898
0.00046888890610857986,9.3912054236975796e-05,0.00040071651301396217,0.00025537939768578672,0.00020456917054214709,0.00017615570927470567,0.00014535440870243265,0.00011137125496622236,0.00020095586561803784,0.00014853240528636807,0.00019394963261952676
0.000476265979185807,0.00011131119313531618,0.00041753525960163855,0.00021961272337182427,0.00024512453268077671,0.00015556591754993887,0.00020355909970885621,0.0001738294503579914,0.0001572239675042898,0.00019394963261952676,0.00017639660816687496
slopes
-0.49271837441954391,-0.49265952578431976,-0.49258206781677427,-0.49255207295070297,-0.49253461701316714,-0.49246754090003964,-0.49238467140816156,-0.49231639260663068,-0.49225683016292243,-0.49221507489499816,-0.49212283467376655
-0.49265952578431976,-0.49258660837797036,-0.492538026078429,-0.49247363402798755,-0.49251029243471633,-0.49249685428268214,-0.49239065895511003,-0.49228854346846512,-0.49217532742489417,-0.492098246163928,-0.49200037279321157
-0.49258206781677427,-0.492538026078429,-0.4923903030056494,-0.49235546942170205,-0.49231248846413023,-0.49225646901328218,-0.4921117363101874,-0.49201752067561466,-0.49192533729810051,-0.49181209633417866,-0.49173135002079932
-0.49255207295070297,-0.49247363402798755,-0.49235546942170205,-0.49229915285796755,-0.49223134251004291,-0.49215202825571547,-0.49208680842208735,-0.49197041080303594,-0.49183424767072764,-0.49173569535994022,-0.49162519040721664
-0.49253461701316714,-0.49251029243471633,-0.49231248846413023,-0.49223134251004291,-0.4923336563237139,-0.49230006159023659,-0.4921951052754715,-0.49211361325339309,-0.49207301037876988,-0.49198010553451993,-0.49188200630936174
-0.49246754090003964,-0.49249685428268214,-0.49225646901328218,-0.49215202825571547,-0.49230006159023659,-0.49235565062699044,-0.49225865343452668,-0.49220177959470851,-0.4920675261589188,-0.4919600785308928,-0.49186844915675193
-0.49238467140816156,-0.49239065895511003,-0.4921117363101874,-0.49208680842208735,-0.4921951052754715,-0.49225865343452668,-0.49216596611110341,-0.49202450606406223,-0.49187199611803961,-0.4917410224380348,-0.4915962486505393
-0.49231639260663068,-0.49228854346846512,-0.49201752067561466,-0.49197041080303594,-0.49211361325339309,-0.49220177959470851,-0.49202450606406223,-0.4919397072106112,-0.49181196359057355,-0.491703566880975,-0.4915571613148827
-0.49225683016292243,-0.49217532742489417,-0.49192533729810051,-0.49183424767072764,-0.49207301037876988,-0.4920675261589188,-0.49187199611803961,-0.49181196359057355,-0.49187606582423976,-0.49182451950675515,-0.49169207196333065
-0.49221507489499816,-0.492098246163928,-0.49181209633417866,-0.49173569535994022,-0.49198010553451993,-0.4919600785308928,-0.4917410224380348,-0.491703566880975,-0.49182451950675515,-0.49208523274166133,-0.4919636726890021
-0.49212283467376655,-0.49200037279321157,-0.49173135002079932,-0.49162519040721664,-0.49188200630936174,-0.49186844915675193,-0.4915962486505393,-0.4915571613148827,-0.49169207196333065,-0.4919636726890021,-0.49230473404222658
slope errors
0.00079249653769868523,0.00079660219911975821,0.00079097151138933714,0.00079441265921835968,0.00080592321434866908,0.00080897533053155338,0.00081225852629986518,0.00080326518166505784,0.00080451052118494289,0.0008052263694379153,0.00080315944990280784
0.00079660219911975821,0.00078964830704201106,0.00077970904530343707,0.00078292512824100675,0.00078850416362741195,0.00077359965770347808,0.00077830047502878345,0.00078175487619106432,0.00077860338562607296,0.00077979066670937167,0.00077844775951108373
0.00079097151138933714,0.00077970904530343707,0.00077517022674846174,0.00077607212546492279,0.00077109105674705628,0.00076579695505969638,0.00076695930032618818,0.00076289145196922661,0.00075615128093949762,0.00075090801272994579,0.00075090477755112163
0.00079441265921835968,0.00078292512824100675,0.00077607212546492279,0.00074400606340402288,0.00074950401219676661,0.00074904766451843689,0.00075183474755359308,0.00075080082911137811,0.00075224936801840674,0.00075524378231889668,0.00075943633509156902
0.00080592321434866908,0.00078850416362741195,0.00077109105674705628,0.00074950401219676661,0.00077169986437346239,0.00077802588598946171,0.00078715762573240981,0.00078835270933845167,0.00079503824970820764,0.0007983144440788831,0.00080567227981875097
0.00080897533053155338,0.00077359965770347808,0.00076579695505969638,0.00074904766451843689,0.00077802588598946171,0.0008002462475228591,0.00080394429580166302,0.00080804552632627821,0.00080868792268034553,0.00080309622697548896,0.00080017656294347958
0.00081225852629986518,0.00077830047502878345,0.00076695930032618818,0.00075183474755359308,0.00078715762573240981,0.00080394429580166302,0.00080248646497012278,0.00079789351992762768,0.00079900254453279325,0.00079800391414054021,0.00080263720399775828
0.00080326518166505784,0.00078175487619106432,0.00076289145196922661,0.00075080082911137811,0.00078835270933845167,0.00080804552632627821,0.00079789351992762768,0.00079352472865602342,0.0007903126032940788,0.00078381421617498186,0.00078436047427525839
0.00080451052118494289,0.00077860338562607296,0.00075615128093949762,0.00075224936801840674,0.00079503824970820764,0.00080868792268034553,0.00079900254453279325,0.0007903126032940788,0.00079584471989856056,0.00079680075731188309,0.00079832989690341663
0.0008052263694379153,0.00077979066670937167,0.00075090801272994579,0.00075524378231889668,0.0007983144440788831,0.00080309622697548896,0.00079800391414054021,0.00078381421617498186,0.00079680075731188309,0.00077382590600477621,0.0007674421522893386
0.00080315944990280784,0.00077844775951108373,0.00075090477755112163,0.00075943633509156902,0.00080567227981875097,0.00080017656294347958,0.00080263720399775828,0.00078436047427525839,0.00079832989690341663,0.0007674421522893386,0.00077026026116181455
