"dx=0.05 over [-20,20]"
"max N: 5000, trials: 50"
intercepts
0.2916065943373693,-0.084981323210195914,0.12156501211541361,0.069232435484790772,-0.18500433476417236,-0.090327369524580745,-0.1347245746630564,-0.19597311743959281,-0.029487559242818161,-0.070769578572336955,-0.060619991499003038
-0.084981323210195914,0.230752698156452,-0.021572084421578527,0.059752718012471596,-0.016702520513822938,0.022474990974543019,-0.16249956210026789,-0.21679741971387542,-0.069445050111360596,-0.0076889337877381102,-0.030421098799255749
0.12156501211541361,-0.021572084421578527,0.3417482561124856,0.1168410910871777,-0.022990744164121862,0.049000420508301168,0.075751137370573748,-0.035861255135650486,0.11352605045537649,-0.038830102603491019,0.057919034322599788
0.069232435484790772,0.059752718012471596,0.1168410910871777,0.6630825597318325,0.086442815709053239,0.1291581669533392,-0.064104786915468046,0.021157300497994563,0.13278412705070231,0.11439577040181603,0.042538750645250388
-0.18500433476417236,-0.016702520513822938,-0.022990744164121862,0.086442815709053239,0.18979932941209959,-0.037066170430417517,-0.12673091884866969,-0.070961950476144245,-0.061156851964234669,-0.12425376144916221,0.060992649607458517
-0.090327369524580745,0.022474990974543019,0.049000420508301168,0.1291581669533392,-0.037066170430417517,0.19061805070707988,-0.042001100959188645,-0.22510286971425153,-0.033368294204472716,-0.022207823963863421,0.19351583333828606
-0.1347245746630564,-0.16249956210026789,0.075751137370573748,-0.064104786915468046,-0.12673091884866969,-0.042001100959188645,0.21840182024698204,-0.090119455422603245,-0.18178020076381685,0.056918453441900996,0.00035551924845932115
-0.19597311743959281,-0.21679741971387542,-0.035861255135650486,0.021157300497994563,-0.070961950476144245,-0.22510286971425153,-0.090119455422603245,0.15713895749138243,-0.15204586156435995,-0.20906778661889353,-0.18463663344023129
-0.029487559242818161,-0.069445050111360596,0.11352605045537649,0.13278412705070231,-0.061156851964234669,-0.033368294204472716,-0.18178020076381685,-0.15204586156435995,0.31899831007209017,-0.13117974572810581,0.041214549480329231
-0.070769578572336955,-0.0076889337877381102,-0.038830102603491019,0.11439577040181603,-0.12425376144916221,-0.022207823963863421,0.056918453441900996,-0.20906778661889353,-0.13117974572810581,0.33328423310214772,0.016183396247527876
-0.060619991499003038,-0.030421098799255749,0.057919034322599788,0.042538750645250388,0.060992649607458517,0.19351583333828606,0.00035551924845932115,-0.18463663344023129,0.041214549480329231,0.016183396247527876,0.36209041018495347
intercept errors
0.024010125322947481,0.02505753768699755,0.030585765896167079,0.040312755446406438,0.035078280512701794,0.028247056821458304,0.013332137769115007,0.0079029363790036541,0.030380716640200214,0.021485912191069677,0.018982722814611701
0.02505753768699755,0.054824765400571636,0.0098635191719325267,0.030899650657894035,0.0381527410262473,0.01674942766110506,0.03069015270029626,0.025811422002398832,0.024406283874945672,0.018772865155148595,0.020976009100212648
0.030585765896167079,0.0098635191719325267,0.024601996808222549,0.016293997106494443,0.005931483738278241,0.015473481585701061,0.014444474581575713,0.033206117281620054,0.01916323276296342,0.014272672415159018,0.035410890124688121
0.040312755446406438,0.030899650657894035,0.016293997106494443,0.065108618238330279,0.013213848848697434,0.026157016513179841,0.032471638854481337,0.036202301077020327,0.024005333461877533,0.015476962600589261,0.025938027543164356
0.035078280512701794,0.0381527410262473,0.005931483738278241,0.013213848848697434,0.026448887147344516,0.019903057234608459,0.0054961652315816635,0.0293682014100148,0.0095333555943604587,0.016442269764846217,0.013786644257176578
0.028247056821458304,0.01674942766110506,0.015473481585701061,0.026157016513179841,0.019903057234608459,0.019413306643617911,0.011618782287161875,0.012147277502641395,0.028529091450028913,0.013542562356595671,0.026276662858052711
0.013332137769115007,0.03069015270029626,0.014444474581575713,0.032471638854481337,0.0054961652315816635,0.011618782287161875,0.020936210131495232,0.025167370376144499,0.0096452484767584473,0.010392223345649935,0.018140696970619541
0.0079029363790036541,0.025811422002398832,0.033206117281620054,0.036202301077020327,0.0293682014100148,0.012147277502641395,0.025167370376144499,0.014558944234690799,0.022961253947609027,0.0173510560811794,0.02201339478698321
0.030380716640200214,0.024406283874945672,0.01916323276296342,0.024005333461877533,0.0095333555943604587,0.028529091450028913,0.0096452484767584473,0.022961253947609027,0.021316666890725412,0.013459863779792094,0.020509004897685233
0.021485912191069677,0.018772865155148595,0.014272672415159018,0.015476962600589261,0.016442269764846217,0.013542562356595671,0.010392223345649935,0.0173510560811794,0.013459863779792094,0.040235463011534772,0.018258437480849932
0.018982722814611701,0.020976009100212648,0.035410890124688121,0.025938027543164356,0.013786644257176578,0.026276662858052711,0.018140696970619541,0.02201339478698321,0.020509004897685233,0.018258437480849932,0.013892412676371122
slopes
-0.49943373104661809,-0.49631910071077295,-0.52007552115824429,-0.51477085240013354,-0.48200721175812578,-0.4948246505156908,-0.4894030537156519,-0.48203186152594057,-0.50175068918889287,-0.49768550901107295,-0.49955046987752505
-0.49631910071077295,-0.4917557254634361,-0.50542172981865441,-0.51293593618872491,-0.50219575362131885,-0.50972002905414993,-0.48751267092575795,-0.48018024364186734,-0.50111136244340837,-0.5054365886260932,-0.50418565308170704
-0.52007552115824429,-0.50542172981865441,-0.50819021792408314,-0.51983625929908994,-0.50505052588053123,-0.51237504818709179,-0.51440666003535596,-0.50362342854628916,-0.5223933240289611,-0.50197466885913233,-0.51407337596344738
-0.51477085240013354,-0.51293593618872491,-0.51983625929908994,-0.54308219021171855,-0.51591403166026428,-0.5229436977576607,-0.49878075259079652,-0.5073041652259358,-0.52317680088197638,-0.51939244286045527,-0.51278109438363351
-0.48200721175812578,-0.50219575362131885,-0.50505052588053123,-0.51591403166026428,-0.48637990144427329,-0.49999303890259017,-0.49098268096167663,-0.49714038993184856,-0.49843821405802052,-0.49212162741824522,-0.51206636281278339
-0.4948246505156908,-0.50972002905414993,-0.51237504818709179,-0.5229436977576607,-0.49999303890259017,-0.48899051006013716,-0.50042205192655109,-0.47967626390743445,-0.5030185224440199,-0.50417207244901785,-0.53088500091184254
-0.4894030537156519,-0.48751267092575795,-0.51440666003535596,-0.49878075259079652,-0.49098268096167663,-0.50042205192655109,-0.49008539186974642,-0.49367846289159462,-0.48480035474862987,-0.51473872605017845,-0.50693371135343046
-0.48203186152594057,-0.48018024364186734,-0.50362342854628916,-0.5073041652259358,-0.49714038993184856,-0.47967626390743445,-0.49367846289159462,-0.48083743781313015,-0.48771670296116604,-0.48197285726905675,-0.48522086562896477
-0.50175068918889287,-0.50111136244340837,-0.5223933240289611,-0.52317680088197638,-0.49843821405802052,-0.5030185224440199,-0.48480035474862987,-0.48771670296116604,-0.50346129459913491,-0.49155975343699237,-0.51286660450149224
-0.49768550901107295,-0.5054365886260932,-0.50197466885913233,-0.51939244286045527,-0.49212162741824522,-0.50417207244901785,-0.51473872605017845,-0.48197285726905675,-0.49155975343699237,-0.50449178498021319,-0.5096233581888947
-0.49955046987752505,-0.50418565308170704,-0.51407337596344738,-0.51278109438363351,-0.51206636281278339,-0.53088500091184254,-0.50693371135343046,-0.48522086562896477,-0.51286660450149224,-0.5096233581888947,-0.510741369114038
slope errors
0.0032363779486956753,0.0032485733768022112,0.0044124835244233841,0.005707786811367019,0.0047794844447943529,0.0039163579765518859,0.0014647543192894219,0.00083192110249445325,0.0044685300446533982,0.0028757609729039859,0.0024710342908617101
0.0032485733768022112,0.0066621500315609747,0.0010576241400955817,0.0034669336554182658,0.0046808123875729064,0.0018571607201265041,0.0032095562991138861,0.0026725656721061238,0.0035090181798710907,0.0016879147606203655,0.0023441595625148717
0.0044124835244233841,0.0010576241400955817,0.0028525761429647667,0.0016927751823731046,0.00097375291302896746,0.0022281434623352392,0.0020441893343801794,0.0035082062253517566,0.0024763206080134054,0.0015747107777721152,0.0041102969745671382
0.005707786811367019,0.0034669336554182658,0.0016927751823731046,0.0080135374960076129,0.0018842155875069932,0.0033984924781286941,0.0039343726180584866,0.0041671649921784125,0.002866564130545046,0.0021094395159456576,0.0033994062716522335
0.0047794844447943529,0.0046808123875729064,0.00097375291302896746,0.0018842155875069932,0.003047912850589802,0.0027814348937045597,0.00063571923406050088,0.0035615361965135512,0.00066680423714376741,0.0016246457104990848,0.0022760847985663526
0.0039163579765518859,0.0018571607201265041,0.0022281434623352392,0.0033984924781286941,0.0027814348937045597,0.0026278539911539799,0.0016951843248163487,0.0011316501195429379,0.0036386340623567642,0.0020218955114291405,0.0031043665292287644
0.0014647543192894219,0.0032095562991138861,0.0020441893343801794,0.0039343726180584866,0.00063571923406050088,0.0016951843248163487,0.0017455011299693233,0.0038582684659507634,0.0014426611157558143,0.00062069142799620882,0.002519947911433197
0.00083192110249445325,0.0026725656721061238,0.0035082062253517566,0.0041671649921784125,0.0035615361965135512,0.0011316501195429379,0.0038582684659507634,0.0017042497677131725,0.0028737534464495459,0.0019322914528496144,0.0026857924757428832
0.0044685300446533982,0.0035090181798710907,0.0024763206080134054,0.002866564130545046,0.00066680423714376741,0.0036386340623567642,0.0014426611157558143,0.0028737534464495459,0.0026745843914049911,0.0010394391461259977,0.0031113849515979966
0.0028757609729039859,0.0016879147606203655,0.0015747107777721152,0.0021094395159456576,0.0016246457104990848,0.0020218955114291405,0.00062069142799620882,0.0019322914528496144,0.0010394391461259977,0.0041171884311550968,0.0014070603782660098
0.0024710342908617101,0.0023441595625148717,0.0041102969745671382,0.0033994062716522335,0.0022760847985663526,0.0031043665292287644,0.002519947911433197,0.0026857924757428832,0.0031113849515979966,0.0014070603782660098,0.002034597057822142
